updateInterval: 1000 
cDecay: 0.100000 
translateBack: -1.300000 
viewport: 20.000000 
 