updateInterval: 1000 
cDecay: 0.070000 
translateBack: -1.680000 
viewport: 9.500006 
 
